-9.199872030876576900e-03 -8.849975233897567489e-03 -3.765558579470962113e-03
1.913560734828934160e-03 -1.137621770612895489e-02 -5.549969826824962746e-03
6.146739050745963877e-03 -9.870134945958852074e-03 -4.977068514563143253e-03
1.996962004341185093e-03 -1.211573905311524868e-02 -6.090458156540990223e-03
6.574943964369595224e-03 -1.042604283429682255e-02 -5.571890715509652744e-03
1.000840347260236775e-02 -7.895907573401927254e-03 -4.458838608115911484e-03
9.272107202559710243e-03 -7.634102087467909033e-03 -3.976231731940060854e-03
-2.324232971295714292e-03 -1.151662510819733212e-02 -5.252718413248658354e-03
-6.186091620475053614e-03 -1.039369455538690160e-02 -4.395352094434201717e-03
-2.534023433690890757e-03 -1.218487308360636200e-02 -5.734157422557473530e-03
-6.488773948512971054e-03 -1.112392130307853291e-02 -4.798134102020412857e-03
-9.453544788993895748e-03 -9.810963273048400532e-03 -4.224207601509988308e-03
-1.037610070779919694e-02 -8.008988411165773175e-03 -2.188487711828202096e-03
-1.023167348466813564e-02 -8.543260465376078389e-03 -9.833076364884618670e-05
-7.224207581020891840e-03 -1.078107575885951450e-02 2.340742939850315452e-03
-2.989999973215162667e-03 -1.210983605124056270e-02 4.133104102220386093e-03
2.114600903587415728e-03 -1.228748415596783196e-02 4.302078450564295053e-03
7.034733379259705717e-03 -1.070486330427229335e-02 2.959770470624789596e-03
1.004344611428678070e-02 -8.335041208192705761e-03 1.340629369224188849e-03
1.072588795796036720e-02 -8.922118367627263416e-03 1.564833729935344222e-03
7.591248140670359135e-03 -1.147172679193317855e-02 3.317553689703345212e-03
2.245069516357034532e-03 -1.324711353518068756e-02 4.732593707740306681e-03
-3.262140986043959769e-03 -1.299590966664254665e-02 4.449869669042527502e-03
-7.654916145838797092e-03 -1.156317377462983201e-02 2.652429277077317238e-03
-1.078053759410977329e-02 -9.372006915509701469e-03 2.304385590832680355e-04
-1.254738690331578220e-02 -8.034182875417173603e-03 -1.603092691220808861e-03
-1.300106765702366794e-02 -8.660080377012491226e-03 -1.176195010339142841e-03
-1.225308272987604176e-02 -7.910523936152458538e-03 -2.758432959672063502e-03
-1.192625002004206111e-02 -8.667703252285718918e-03 -3.876557329203933304e-03
-1.218485855497419834e-02 -9.434416657313704491e-03 -4.250407288782298738e-03
-1.422929675318300793e-02 -8.922966290265321385e-03 -3.660572227090597153e-03
-1.395089784637093544e-02 -8.514786185696721771e-03 -3.112746833357959899e-03
-1.443395311944186722e-02 -8.619837043806911209e-03 -2.606319449841976339e-03
-1.471815686672925914e-02 -8.910320885479449532e-03 -3.196305135497823444e-03
-1.468896581791341235e-02 -9.522710135206580509e-03 -3.942744748201221228e-03
-1.527406424283981289e-02 -9.412721358239650379e-03 -3.255596250528469855e-03
-1.490766191855072940e-02 -9.118304681032895695e-03 -2.379513555206358520e-03
2.318374422611668532e-03 -1.401271661743521725e-02 5.562320374883711685e-03
8.190321247093379151e-03 -1.205120994709432160e-02 4.165916901547462095e-03
1.165123991668224300e-02 -9.135047858580946228e-03 2.318761681090109137e-03
1.222021011635661056e-02 -6.672565895132720644e-03 -6.852528243325650519e-03
7.864852296188473355e-03 -1.016556899994611705e-02 -8.227509981952606938e-03
2.119504063739441162e-03 -1.248200037516653503e-02 -8.510304987430572857e-03
-2.968707011314109055e-03 -1.280009578913450172e-02 -7.784740510396659027e-03
-7.020028028637170965e-03 -1.205281047150492599e-02 -6.751088867895304810e-03
-1.012204270809888805e-02 -1.115311416797339951e-02 -5.853416398167610168e-03
-1.280503622256219318e-02 -1.056841742247343133e-02 -5.179946636781096111e-03
2.354318357538431796e-03 -1.375068644993007218e-02 6.816839426755904804e-03
8.615378011018037102e-03 -1.158744869753718446e-02 5.445444001816212784e-03
1.262614564038813149e-02 -8.406971185468136570e-03 3.371266328031197190e-03
2.371901410515420312e-03 -1.376769174821674754e-02 8.053583232685923923e-03
9.080881578847765576e-03 -1.126454030163586209e-02 6.707770051434636116e-03
1.356293698772787978e-02 -7.709769229404628103e-03 4.502887476701289242e-03
1.446042940951883758e-02 -4.177443630760535251e-03 -9.242137428373098373e-03
9.189779870212078094e-03 -8.516180003061890949e-03 -1.100482125766575302e-02
2.224824301083572382e-03 -1.168539482168853318e-02 -1.102161076851189067e-02
-3.568007610738277435e-03 -1.252103918232023647e-02 -9.911889862269162438e-03
-7.797736348584294666e-03 -1.215438554063439335e-02 -8.618726162239909172e-03
-1.106209894642233918e-02 -1.155682704411447118e-02 -7.264005043543875564e-03
-1.356489062309265171e-02 -1.115057300776243175e-02 -6.085145752876996994e-03
-3.609951236285269260e-03 -1.365233538672327995e-02 5.303031764924526215e-03
-8.152522239834069859e-03 -1.206930940970778535e-02 3.470266156364232388e-03
-1.131799365393817459e-02 -1.033053230494260753e-02 1.066075051494408442e-03
1.689564073458314081e-02 -2.383051111974054774e-03 -1.186389080248773098e-02
1.045994278974831174e-02 -7.496012118645012032e-03 -1.392761329188942944e-02
2.230051113292574796e-03 -1.096930825151503155e-02 -1.380622144788503682e-02
-4.474215896334498947e-03 -1.206766297109424999e-02 -1.233901376836001908e-02
-9.208660107105970383e-03 -1.210800469852984021e-02 -1.062015229836106231e-02
-1.251629348844289849e-02 -1.187057332135737012e-02 -8.931078482419252396e-03
-1.509023816324770416e-02 -1.171305892057716846e-02 -7.078571408055722540e-03
-3.997038071975112135e-03 -1.340517476201057503e-02 6.482947035692632198e-03
-8.769085886888206352e-03 -1.201605750247836113e-02 4.475483950227498835e-03
-1.205860017798840965e-02 -1.074055396020412445e-02 1.976373291108757344e-03
-4.299304459709674293e-03 -1.353610330261290073e-02 7.726672408170998270e-03
-9.526751004159450531e-03 -1.202383548952639172e-02 5.643911182414740151e-03
-1.292314520105719566e-02 -1.097551407292485237e-02 2.927372127305716450e-03
-1.499895052984356880e-02 -1.057103713974356582e-02 8.994309202535078363e-04
-1.345871370285749505e-02 -9.677609568461776127e-03 -5.427352705737575455e-04
-1.411498659290373256e-02 -1.021394664421677520e-02 1.139651885750936344e-04
-1.685685594566166401e-02 -1.073829797096550499e-02 -1.522120885783806400e-03
-1.734391935169696947e-02 -1.127402717247605324e-02 -3.383055655285716144e-03
-1.684856996871531010e-02 -1.149852415546774934e-02 -5.043011740781366825e-03
-1.540276710875332355e-02 -9.802373917773365627e-03 -2.166333491913974285e-03
-1.583418953232467244e-02 -1.004961282014846767e-02 -3.314018098171800288e-03
-1.523853153921663796e-02 -1.023266902193427016e-02 -4.266555607318878347e-03
-1.599521376192569733e-02 -1.032093320973217522e-02 -1.893403012218186632e-03
-1.649120566435158253e-02 -1.065137665718793834e-02 -3.347384533844888124e-03
-1.589956362731754710e-02 -1.081157885491848027e-02 -4.637456790078431368e-03
-4.898654494900256742e-03 -1.573857376351952414e-02 9.424836351536214005e-03
2.573905442841350859e-03 -1.530892597511410679e-02 9.830803936347365032e-03
1.013951292261481250e-02 -1.277199112810194562e-02 8.673667535185813557e-03
1.579887736588716368e-02 -8.334771636873484005e-03 6.243747042026371111e-03
1.369889397174119984e-02 -6.025759130716323506e-03 4.106446242076344680e-04
1.246750587597489357e-02 -6.358190975151956255e-03 -2.408797149655583780e-05
1.930907964706420760e-02 -1.325843557606276634e-03 -1.453681504353880952e-02
1.167696462944150040e-02 -7.410358288325369358e-03 -1.703015668317675591e-02
2.237015089485794393e-03 -1.122821928001940285e-02 -1.660613087005913258e-02
-1.112028365023434197e-02 -1.281232498586177757e-02 -1.291569340974092414e-02
-1.467097699642181362e-02 -1.303120437078177964e-02 -1.088673812337219785e-02
-1.713310698978602956e-02 -1.309364843182265689e-02 -8.430617675185204246e-03
-1.895360760390758445e-02 -1.320038828998804092e-02 -5.735538154840469534e-03
-1.957009565085172584e-02 -1.295768464915454318e-02 -3.158210404217243281e-03
-1.926587261259555747e-02 -1.258821035735309055e-02 -3.107508637185674161e-04
-1.738599715754389832e-02 -1.281907721422612632e-02 2.605821640463545832e-03
-1.472805156372487476e-02 -1.361284228041768039e-02 4.872501047793775450e-03
-1.096550268121063675e-02 -1.477961549535393784e-02 7.278917054645716971e-03
2.718700995319523091e-03 -1.673277555964887073e-02 1.207290156744420494e-02
2.930013628792949108e-03 -1.847684211097657542e-02 1.471120645292103325e-02
3.173150829388759944e-03 -2.081394549459219048e-02 1.895907986909151077e-02
2.833025571453617799e-03 -1.907029319554567198e-02 2.680014418438076904e-02
1.133417487144470180e-02 -1.363622872158884967e-02 1.105480156838893960e-02
1.794175971299409936e-02 -8.347624249290674578e-03 8.585989056155086258e-03
1.336616463959217072e-02 -3.992772262427024890e-03 -1.876273032394237816e-03
1.223222925327718293e-02 -5.376829660963267261e-03 -3.122247825376689608e-03
1.272654468193650315e-02 -7.874921290203928601e-03 -2.020347313955426355e-02
2.256509714061394507e-03 -1.170334424823522498e-02 -1.951900236308574607e-02
-6.867985683493315827e-03 -1.318667111918330262e-02 -1.738759097643196444e-02
-1.297717224806547130e-02 -1.482752240262925555e-02 -1.494338293559849262e-02
-1.645559770986437798e-02 -1.574490624479949613e-02 -1.234545805491507088e-02
-1.898984014987945695e-02 -1.622765199281275134e-02 -9.597253566607833603e-03
-2.036155415698885987e-02 -2.020627278834581306e-02 -1.049181772395968437e-02
-2.082482939586043427e-02 -1.616655923426151345e-02 -6.395287625491618937e-03
-2.178557235747575690e-02 -1.591106089763343404e-02 -2.924636774696409876e-03
-2.146613337099552085e-02 -1.563645428977906635e-02 6.460544631408992938e-04
-1.972773959860205789e-02 -1.571877091191709042e-02 4.081454034894705166e-03
-1.684132898226380418e-02 -1.642840965650975774e-02 6.820379546843469490e-03
-1.285119703970849514e-02 -1.743010752834379604e-02 9.154258179478347301e-03
-5.740577843971550812e-03 -1.793720163404941698e-02 1.142891179770231212e-02
1.246017357334494591e-02 -1.431280001997947693e-02 1.392641477286815643e-02
1.987156160175800393e-02 -7.690001383889466351e-03 1.133506803307682276e-02
1.140507543459534645e-02 -5.373036337550729860e-03 -2.789915062021463936e-03
1.244580708444118465e-02 -4.373399063479155129e-03 -1.658496602613013281e-03
1.167258331552147900e-02 -6.137905316427350391e-03 -1.364494411973282586e-04
2.169654676690697601e-02 -9.254413904272951403e-04 -1.769612925127148767e-02
1.363422712311148678e-02 -8.572135167196393707e-03 -2.354473751038312773e-02
1.499886722303927014e-02 -4.918413035920820957e-03 9.169770011794753806e-04
1.459578331559896469e-02 -3.314856330689508468e-03 -4.735368513502180229e-03
1.671002660878002574e-02 -3.502970625413581816e-03 1.682986132800579158e-03
1.970596238970756531e-02 1.147364519420079974e-03 -3.369668027153238567e-03
1.532522155903279747e-02 -2.608433074783533812e-03 -2.365406483295373792e-03
1.703017223626375129e-02 -9.211985508954967806e-04 -6.250155647285282959e-03
1.725887567736208300e-02 -7.693714695051312013e-04 -2.801731921499594959e-03
1.971721723675727914e-02 1.217866165097802791e-03 -7.954185409471393325e-03
2.243499560281634470e-02 3.142227069474756718e-03 -9.673070115968584320e-03
1.381628145463764668e-02 -1.478655734099447797e-02 1.821972220204770565e-02
2.242370638996362547e-02 3.332105727167800069e-03 -3.906724567059427500e-03
1.980726383626461168e-02 -2.500490786042064515e-03 2.533425611909478990e-03
2.189989108592271805e-02 -6.128986115800216967e-03 1.506339539773762261e-02
2.268592035397887230e-02 -6.555038518854417341e-04 3.890344325918704358e-03
2.525353524833917618e-02 5.999735184013843189e-03 -4.360208869911730289e-03
3.279162850230932236e-02 1.272463588975369930e-02 -1.955182077363133361e-02
2.521557658910751273e-02 1.741701729770284146e-03 5.674723675474524845e-03
2.807154897600412299e-02 9.062906657345593670e-03 -4.557745752390473908e-03
2.752581704407930374e-02 5.151975611806846982e-03 7.959461933933199146e-03
3.044963926076888969e-02 1.244320343248546054e-02 -4.678359557874500925e-03
3.069999683648347993e-02 9.666749229654669068e-03 -1.680155359208583901e-02
-7.440909743309020996e-03 -2.436743574216961722e-02 1.727859196253121038e-02
-1.771483910270035128e-02 -2.517986167222261568e-02 1.438139821402728558e-02
-6.538762664422393019e-03 -2.066777152940630843e-02 1.355400583706796100e-02
-1.485576201230287552e-02 -2.101422529667616029e-02 1.106642491649836336e-02
-1.856869999319315026e-02 -2.659769058227539132e-02 2.280722251161932876e-02
-8.803237252868712295e-03 -2.472628951072692802e-02 2.481301296502351830e-02
-2.169117629528045585e-02 -2.383479531854391237e-02 1.060312951449304819e-02
-2.439649263396859169e-02 -2.631598645821213792e-02 1.614815234206616948e-02
-2.405635211616754393e-02 -2.691326234489679198e-02 2.220309758558869362e-02
-1.883583995513617854e-02 -2.023329678922891617e-02 8.597414707764983177e-03
1.379677178338170086e-02 -1.053293063305318390e-02 2.631905125454068323e-02
2.283983221277594705e-02 -4.648590838769450513e-05 2.167409490793943336e-02
2.899395599961280753e-02 1.075188773684203694e-02 1.125237436499446596e-02
2.814235854893922667e-02 7.109339814633131027e-03 -1.412652703002095257e-02
2.536049056798219542e-02 -5.023190487918327563e-05 -2.504934472963214059e-02
2.371054198592901369e-02 -5.723926020436920442e-04 -2.116914577782154014e-02
1.444337242282927106e-02 -9.096296620555222034e-03 -2.737100645899772505e-02
2.204931987216696230e-03 -1.252058255486190354e-02 -2.260114690288901260e-02
-8.336451789364218018e-03 -1.482213619165122578e-02 -2.002379531040787697e-02
-1.485335635952651431e-02 -1.801298470236361096e-02 -1.701689003966748784e-02
-1.806826964020729134e-02 -1.970181600190699239e-02 -1.385193029418587719e-02
-2.219037516042590003e-02 -2.005097763612866471e-02 -6.871096207760274410e-03
-2.346905395388603280e-02 -1.976455259136855602e-02 -2.738132898230105639e-03
-2.337700352072715620e-02 -1.940255216322839260e-02 1.346119424852076918e-03
-2.189675075933337350e-02 -1.949732908979058196e-02 5.193422490265220404e-03
-2.444916311651468277e-02 -2.270137658342719078e-02 6.236079381778836250e-03
-2.540597654879093309e-02 -2.266374179162084987e-02 1.960583634354406794e-03
-2.505722539499401907e-02 -2.364821499213576317e-02 -2.649499571998603469e-03
-2.369597163051366875e-02 -2.461940050125122070e-02 -7.176844403147697449e-03
-2.202820880338549753e-02 -2.496714806184172769e-02 -1.106071523390710423e-02
-2.004776308313012054e-02 -2.458799025043845177e-02 -1.484210081398487126e-02
-1.710257129743695398e-02 -2.258798712864518166e-02 -1.919103953987360070e-02
-9.634189447388053287e-03 -1.676902389153838227e-02 -2.268098760396242142e-02
2.147109695943072612e-03 -1.358446180820465157e-02 -2.603833992034196992e-02
-2.563582435250282357e-02 -2.530672131106257577e-02 1.215621395967900718e-02
-2.720190882682800224e-02 -2.433375818654894690e-02 7.006615633144974709e-03
-2.749313116073608468e-02 -2.458041263744235178e-02 2.261385679594240996e-03
-2.693483186885714531e-02 -2.646983722224831651e-02 -2.655036310898140073e-03
-2.171639669686555724e-02 -3.075287872925400873e-02 -1.880048420280218055e-02
-3.141482248902320584e-02 -2.692991336807608674e-02 2.201177706010639529e-02
-3.138743676245212694e-02 -2.619738578796386788e-02 1.287232805043458939e-02
-3.138258326798677722e-02 -2.548317592591047356e-02 7.550362567417323763e-03
-3.137346059083938321e-02 -2.619049577042460372e-02 2.461634884821250861e-03
-3.137644156813621660e-02 -2.903301324695348878e-02 -2.565539719944354060e-03
-3.138209739699959755e-02 -3.258793279528617720e-02 -7.215523882769048561e-03
-3.138649743050336838e-02 -3.548376914113759995e-02 -1.098762587644159724e-02
-3.137200642377137999e-02 -4.420687276870012561e-02 -2.226931452751159529e-02
-3.139493828639387807e-02 -2.678526565432548523e-02 1.679613497108221193e-02
3.249037843197584430e-02 1.645296998322010040e-02 -4.709030059166252960e-03
2.530946303158998489e-02 4.989853446022607560e-03 -1.168775879777967860e-02
2.650888692587614198e-02 8.816531566480989351e-04 -2.931567812338471343e-02
1.488075624220073188e-02 -9.446187457069755294e-03 -3.150737415999173979e-02
-3.137352354824542860e-02 -4.109428646042943140e-02 -1.822127802297473023e-02
-3.138927305117249211e-02 -3.821789491921663562e-02 -1.446034982800483738e-02
-2.024421878159046034e-02 -3.106007128953933855e-02 -2.312056543305516382e-02
-1.629098495468497138e-02 -2.385923061519861291e-02 -2.381638642400503089e-02
-2.297264263033866813e-02 -3.047081287950277259e-02 -1.489641708321869443e-02
-2.423743167892098566e-02 -2.978618210181593895e-02 -1.105428230948746204e-02
-2.556747039780020783e-02 -2.859386410564184258e-02 -7.240147516131401235e-03
2.076273615239188162e-03 -1.477728448808193241e-02 -2.971374345943331857e-02
-1.068462342955172131e-02 -1.868041949346661498e-02 -2.577251829206943581e-02
-5.530920624732971018e-03 -1.237434786744415725e-02 -1.489363592118024895e-02
-2.805516347289085249e-02 -2.697606943547725677e-02 2.213496379554271559e-02
-2.819552617147564819e-02 -2.663085646927356581e-02 1.665186397731304238e-02
-2.867870330810546806e-02 -2.590538840740919113e-02 1.274900259450078080e-02
-2.943006856366991997e-02 -2.514868685975670676e-02 7.366559212096035134e-03
-2.750383717939257691e-02 -3.376740729436278343e-02 -1.088622654788196087e-02
-2.949688024818897247e-02 -2.565311174839735031e-02 2.400845603551715526e-03
-2.494013076648116112e-02 -4.035134771838784495e-02 -2.248166259378194670e-02
-2.834131596609950135e-02 -3.132588984444737573e-02 -7.113672792911529541e-03
-2.909067766740918229e-02 -2.821094365790486475e-02 -2.538232278311625123e-03
-2.681618640199303488e-02 -3.593287337571382523e-02 -1.448810258880257537e-02
-2.596362316980958124e-02 -3.792496351525187492e-02 -1.830234881490468840e-02
