-2.862293735361731552e-18
4.412702842016003355e-18
-1.474514954580285992e-18
-1.734723475976807191e-19
-1.127570259384924650e-18
-6.234162491791650496e-19
1.908195823574487958e-18
-5.204170427930421091e-19
-4.770489558936219895e-19
-1.734723475976807191e-19
1.192622389734054974e-19
4.336808689942017736e-19
3.469446951953614381e-19
-1.734723475976807094e-18
4.011548038196366598e-19
3.252606517456513182e-20
-9.324138683375337747e-19
-1.301042606982605273e-19
7.155734338404328879e-19
1.650562282337619936e-17
