3.285019440095057752e-02
2.030798872754563042e-02
1.787499758552284906e-02
1.341072838326525483e-02
9.352609969587800248e-03
8.540103842144007584e-03
8.252518737846187280e-03
7.102586488776378888e-03
6.932877243502000297e-03
5.914333870313095813e-03
5.731282121431169677e-03
5.033582496716679927e-03
4.504228056937422536e-03
4.335145899299836306e-03
4.024248305231494828e-03
3.427868162184263563e-03
3.232886136735709480e-03
3.012555253313602827e-03
2.611465070702344033e-03
3.675351665196628167e-18
